2.49 48.61 24.16 0.87
1.14 18.53 47.39 0.74
1.12 12.89 2.53 0.24
1.25 25.21 35.69 0.62
2.10 5.08 31.66 0.86
1.27 25.14 27.08 0.05
1.68 20.24 8.38 0.19
1.37 27.88 14.10 0.14
1.25 18.31 13.33 0.30
1.05 23.41 43.63 0.03
1.39 38.74 48.97 0.33
2.33 47.68 1.97 0.31
1.02 27.17 16.89 0.44
2.48 41.60 32.51 0.94
2.09 6.98 9.33 0.35
2.43 2.34 28.04 0.39
2.19 8.74 20.49 1.00
1.21 18.73 49.73 0.27
1.22 36.92 40.07 0.05
1.94 15.04 38.46 0.80
1.96 24.14 38.81 0.08
2.35 32.91 19.58 0.58
1.68 0.28 37.15 0.72
1.94 45.59 15.87 0.73
2.29 14.34 1.62 0.91
1.18 14.42 16.71 0.02
1.45 10.59 3.01 0.82
1.71 11.41 5.46 0.11
2.12 2.04 25.55 0.65
2.41 43.39 10.84 0.24
2.15 15.95 7.63 0.25
2.16 36.48 37.60 0.94
2.02 2.82 18.78 0.30
1.20 22.35 33.41 0.34
1.69 39.25 33.99 0.63
1.82 38.81 41.18 0.83
2.31 30.25 7.87 0.10
1.31 33.60 24.76 0.83
1.87 12.20 38.17 0.61
2.05 34.35 45.98 0.76
1.91 29.08 7.44 0.28
1.64 42.01 0.21 0.43
1.42 32.46 3.23 0.93
1.60 19.87 20.13 0.12
1.72 47.47 29.76 0.51
2.41 11.35 5.39 0.42
1.16 10.72 21.67 0.24
1.63 28.62 39.17 0.27
2.36 17.41 36.63 0.81
1.33 35.84 5.94 0.66
2.23 28.44 9.41 0.54
1.63 43.82 41.68 0.01
1.22 8.87 29.32 0.23
1.53 47.39 9.12 0.77
1.36 11.86 19.88 0.99
1.30 20.74 19.63 0.66
1.77 11.69 46.92 0.92
1.07 9.49 42.81 0.53
1.55 28.09 45.46 0.28
1.23 23.83 44.44 0.41
2.47 14.16 12.31 0.49
1.49 21.07 45.66 0.51
1.41 49.01 16.53 0.33
2.25 27.55 24.32 0.98
2.04 19.58 45.18 0.38
1.81 0.91 46.46 0.95
1.07 9.98 20.68 0.64
2.29 45.91 40.87 0.78
2.24 0.55 26.03 0.06
1.95 15.29 36.43 0.41
2.22 13.70 26.22 0.65
1.06 35.17 1.23 0.75
1.65 41.90 39.83 0.55
1.58 43.02 21.98 0.40
2.46 39.54 7.04 0.59
1.11 4.50 32.88 0.32
1.98 46.16 44.19 0.45
1.50 8.06 34.38 0.19
1.34 3.56 33.77 0.23
2.26 36.15 25.14 0.56
1.84 11.00 38.28 0.54
2.21 26.62 32.31 0.43
1.08 9.38 32.15 0.70
2.23 4.18 35.84 0.61
2.11 19.09 36.03 0.36
1.15 22.13 0.44 0.09
1.23 7.90 27.39 0.11
1.29 34.98 49.47 0.86
1.43 23.68 26.68 0.26
1.05 7.00 28.39 0.60
2.39 33.39 44.32 0.36
1.46 29.79 47.48 0.19
1.27 18.07 41.35 0.88
1.86 47.15 4.62 0.29
1.85 26.90 17.37 0.03
1.35 33.44 44.64 0.21
2.27 28.21 37.90 0.34
1.03 18.86 42.11 0.53
1.29 23.13 43.55 0.80
2.39 6.58 12.07 0.96
1.13 24.55 35.43 0.96
1.84 24.95 48.45 0.86
2.01 5.39 29.13 0.39
1.24 20.84 3.84 0.12
2.34 4.28 18.22 0.68
1.90 29.54 10.72 0.78
1.88 4.92 48.39 0.39
1.70 46.58 0.01 0.57
2.33 32.26 15.69 0.52
1.49 2.76 2.97 0.26
2.18 36.32 18.15 0.11
2.07 29.98 34.16 0.50
1.51 41.15 4.41 0.68
2.38 6.72 22.74 0.37
2.27 7.38 15.23 0.07
1.61 43.61 22.14 0.18
1.00 17.16 38.62 0.94
1.54 48.18 48.17 0.96
1.52 48.57 19.39 0.21
1.80 25.45 14.51 0.21
2.17 21.22 2.31 0.18
2.32 11.14 39.72 0.93
1.62 12.13 29.94 0.65
2.16 0.00 2.12 0.81
2.42 9.79 12.56 0.42
1.39 44.30 11.52 0.32
1.82 42.92 6.75 0.50
1.66 0.74 40.36 0.13
1.19 45.78 30.65 0.48
2.39 35.51 18.92 0.58
1.38 15.72 27.53 0.99
2.01 37.53 49.18 0.77
1.20 34.41 17.42 0.49
2.20 24.22 47.92 0.90
1.11 13.27 22.38 0.55
1.30 2.57 6.25 0.35
1.57 30.77 8.78 0.27
1.59 13.58 16.27 0.33
1.74 24.74 28.52 0.75
1.97 7.63 28.92 0.67
1.91 31.11 6.04 0.29
1.66 40.42 17.01 0.71
2.13 16.24 44.81 0.97
1.60 17.23 22.42 0.47
1.01 26.35 23.48 0.77
2.03 36.78 37.26 0.38
1.46 46.61 23.95 0.01
1.74 13.95 18.41 0.81
1.57 37.23 19.16 0.29
2.25 49.54 17.94 0.46
1.40 40.99 3.45 0.35
2.28 13.17 41.54 0.98
1.17 41.25 39.25 0.98
2.44 49.29 43.03 0.68
1.99 21.40 10.32 0.16
1.99 30.92 4.84 0.74
1.89 15.55 13.17 0.93
1.71 34.65 14.95 0.69
1.11 26.59 34.84 0.04
2.03 20.41 34.60 0.53
1.09 4.78 4.37 0.92
1.93 31.29 42.70 0.70
2.35 25.83 3.79 0.67
1.96 8.37 4.08 0.85
2.14 40.00 12.91 0.64
1.86 3.17 14.00 0.22
1.20 22.61 11.75 0.71
1.09 38.44 45.36 0.55
2.45 46.85 24.43 0.85
2.12 27.77 27.85 0.76
2.11 45.06 29.41 0.64
1.76 42.57 36.81 0.15
1.77 32.72 46.40 0.78
1.87 21.63 26.88 0.79
1.15 48.99 26.60 0.66
1.43 38.06 1.04 0.26
1.48 20.03 42.32 0.37
1.10 42.65 30.87 0.20
1.06 16.08 11.17 0.87
1.04 1.62 20.29 0.32
1.16 37.60 49.81 0.73
1.49 40.39 25.80 0.89
1.55 10.17 16.18 0.48
2.37 30.04 20.94 0.83
1.92 3.92 35.16 0.84
2.06 40.15 23.66 0.79
2.46 5.58 49.23 0.07
2.04 42.39 25.33 0.13
2.26 37.93 37.62 0.51
2.34 1.06 40.77 0.89
2.40 31.87 24.95 0.82
1.31 1.82 13.66 0.42
1.19 19.24 31.54 0.91
1.54 25.79 8.42 0.46
1.38 48.29 22.93 0.45
1.83 31.76 33.32 0.71
1.78 1.37 17.65 1.00
1.88 30.55 46.70 0.25
1.35 14.68 11.23 0.14
2.07 33.11 31.26 0.10
1.28 46.28 23.01 0.08
2.00 27.21 0.83 0.57
2.47 6.20 6.99 0.56
1.32 19.73 47.79 0.03
2.36 34.17 46.19 0.48
1.41 28.96 8.19 0.02
1.13 39.17 11.91 0.15
1.34 40.68 1.54 0.43
2.21 3.70 40.47 0.89
2.08 8.50 42.56 0.31
1.98 41.56 10.19 0.74
1.64 45.22 9.84 0.15
1.79 29.21 32.65 0.88
1.51 16.70 31.81 0.44
2.48 44.86 30.09 0.00
2.30 37.09 14.64 0.60
2.02 23.38 35.29 0.09
1.67 7.55 33.03 0.16
1.33 38.24 5.77 0.62
1.45 1.51 9.64 0.76
2.31 16.57 36.37 0.61
2.15 9.18 21.43 0.87
2.09 33.95 7.39 0.07
1.80 17.77 8.95 0.52
1.74 14.97 41.98 0.17
1.03 39.64 15.09 0.59
1.69 31.52 12.77 0.04
1.61 5.61 25.96 0.40
2.14 10.23 21.23 0.92
1.93 12.51 34.76 0.45
1.26 17.86 14.22 0.90
1.53 44.18 30.27 0.57
1.73 6.32 31.18 0.10
1.75 3.30 39.42 0.17
1.44 44.51 28.77 0.14
2.20 49.82 13.46 0.60
1.47 35.28 47.17 0.63
1.59 22.90 23.39 0.47
1.02 35.68 27.76 0.22
2.08 47.99 48.75 0.05
1.72 44.70 10.59 0.72
2.19 22.54 43.22 0.69
1.78 16.81 0.80 0.97
1.82 5.95 6.48 0.47
2.50 26.14 43.85 0.38
1.41 12.79 30.52 0.17
2.44 49.71 2.78 0.20
2.42 43.43 5.05 0.06
1.56 21.82 15.58 0.02
1.91 32.18 21.02 0.84
