2.33 38.30 3.99 0.53
1.40 0.46 9.99 0.37
1.64 6.42 8.99 0.12
1.03 45.28 6.02 0.72
1.60 18.57 46.13 0.66
1.91 31.29 12.88 0.56
2.48 11.11 18.12 0.80
2.11 40.81 37.95 1.00
1.95 17.66 47.59 0.45
2.26 17.05 13.35 0.78
1.98 47.23 30.67 0.20
1.67 28.52 33.10 0.22
1.61 41.98 7.62 0.03
2.21 17.40 38.91 1.00
1.82 2.29 12.36 0.60
2.03 30.21 16.96 0.18
2.24 27.06 36.23 0.40
1.46 2.84 4.28 0.89
1.21 0.44 42.76 0.56
2.26 1.63 1.44 0.33
1.01 21.89 27.93 0.52
1.25 41.90 44.16 0.95
1.04 12.17 23.62 0.05
1.77 39.01 25.87 0.70
1.66 31.10 4.70 0.80
1.52 33.26 35.95 0.75
1.34 35.36 33.80 0.83
2.46 24.62 32.53 0.74
1.68 30.30 30.79 0.65
1.78 30.06 38.03 0.13
2.25 18.90 13.82 0.78
1.44 15.86 18.19 0.99
1.98 17.10 13.44 0.80
1.29 22.35 28.52 0.40
1.05 35.62 8.35 0.38
1.01 13.97 7.05 0.76
1.20 4.80 7.80 0.17
2.37 1.55 5.19 0.55
1.00 29.51 26.18 0.08
1.92 38.94 41.64 0.34
2.26 39.43 36.84 0.28
1.86 43.22 16.78 0.84
2.14 27.30 20.19 0.46
2.24 43.12 23.92 0.03
1.86 35.23 14.89 0.20
2.13 37.67 1.94 0.08
1.70 41.93 25.77 0.08
2.38 31.23 17.24 0.45
2.47 10.06 24.56 0.19
1.72 33.77 27.98 0.54
1.07 31.82 2.04 0.02
1.63 11.02 24.06 0.75
2.39 46.43 5.63 0.54
1.10 43.63 3.69 0.08
1.98 14.90 42.01 0.23
1.25 44.21 34.90 0.96
2.40 43.15 21.27 0.93
1.05 20.00 34.65 0.03
1.96 19.17 30.81 0.04
1.33 23.63 31.02 0.15
2.00 15.94 18.36 0.30
1.14 35.10 37.67 0.92
2.23 26.27 36.31 0.34
2.19 33.69 16.07 0.25
1.89 29.01 35.86 0.14
2.28 3.92 8.33 0.41
1.91 47.26 33.65 0.36
2.05 1.45 11.24 0.63
1.12 27.59 13.63 0.40
1.57 10.03 20.45 0.90
1.44 17.03 34.23 0.18
2.00 38.69 4.05 0.04
1.42 4.57 22.45 0.71
2.42 29.18 44.66 0.96
1.30 22.53 37.79 0.11
2.41 17.31 15.52 0.98
1.24 28.17 7.95 0.56
2.38 26.21 36.25 0.48
1.93 23.25 41.90 0.56
1.88 13.38 6.69 0.66
1.79 37.60 44.27 0.81
1.02 35.26 7.33 0.33
2.30 22.92 17.98 0.59
1.61 39.31 27.28 0.58
2.43 10.82 38.75 0.83
1.86 22.81 1.06 0.09
2.48 15.52 32.43 0.46
2.27 38.57 0.99 0.84
1.38 38.49 29.58 0.70
2.46 23.46 38.38 0.33
1.22 36.93 15.15 0.50
1.49 36.78 37.50 0.22
2.44 26.95 10.19 0.19
1.30 5.09 42.26 0.96
1.33 2.05 3.42 0.01
1.29 10.57 17.29 0.85
1.31 20.94 38.82 0.63
2.30 14.31 43.47 0.14
2.06 14.42 16.66 0.99
1.49 31.55 4.84 0.71
1.34 1.26 10.31 0.84
1.74 48.83 44.12 0.37
1.62 4.67 30.65 0.02
1.25 19.46 6.72 0.48
2.28 46.17 7.51 0.31
1.42 31.18 34.03 0.60
1.86 8.10 6.08 0.23
2.48 2.51 48.38 0.55
1.79 33.41 26.72 0.76
1.15 20.45 26.32 0.38
2.22 20.32 13.59 0.87
1.21 31.86 21.13 0.71
2.40 21.09 10.90 0.39
1.17 43.01 27.89 0.29
2.18 0.67 27.47 0.54
1.45 18.42 12.23 0.06
1.52 6.46 28.21 0.43
1.54 26.70 2.14 0.97
1.20 37.75 39.05 0.70
2.17 16.67 22.84 0.63
2.38 12.40 32.93 0.08
1.80 0.53 32.55 0.78
1.77 37.95 3.51 0.14
1.88 18.61 24.10 0.05
1.53 30.52 41.38 0.54
2.29 10.96 22.06 0.32
1.80 3.75 12.16 0.43
1.92 49.18 30.24 0.41
2.04 1.82 35.99 0.37
1.68 49.21 16.89 0.88
1.54 21.56 25.06 0.61
2.44 8.98 17.55 0.42
1.52 23.32 9.68 0.63
1.28 23.90 24.82 0.36
2.48 44.05 43.02 0.75
1.23 40.72 1.24 0.93
1.40 33.13 20.51 0.32
2.28 14.37 19.41 0.34
1.35 48.20 42.38 0.75
1.13 23.72 11.41 0.99
1.12 37.94 27.64 0.31
1.40 32.00 16.37 0.27
1.51 17.45 48.62 0.34
1.04 45.67 8.52 0.65
1.72 43.97 12.29 0.54
1.29 23.68 34.39 0.88
1.04 46.60 18.59 0.88
2.07 46.96 6.58 0.46
1.19 41.19 22.31 0.62
2.39 22.11 29.78 0.33
2.46 16.90 10.73 0.58
1.18 3.50 14.66 0.69
2.10 49.48 34.44 0.46
1.75 32.14 39.69 0.76
2.24 20.36 29.47 0.38
2.05 13.10 2.92 0.03
1.32 11.08 1.34 0.97
1.87 15.30 18.52 0.79
1.24 18.68 25.26 0.20
2.42 31.51 26.85 0.59
2.21 19.01 8.71 0.02
2.37 12.97 22.57 0.98
2.49 12.92 5.45 0.34
1.17 7.75 23.72 0.74
1.20 41.32 39.14 0.49
1.26 27.95 35.33 0.19
1.60 44.61 23.53 0.89
1.19 25.15 44.58 0.84
2.20 23.05 26.52 0.51
1.85 21.93 39.77 0.20
1.63 27.64 39.22 0.95
1.90 19.81 3.75 0.52
2.22 7.00 5.81 0.69
1.30 26.46 47.01 0.15
2.38 42.03 0.06 0.23
1.58 48.47 19.98 0.17
2.34 41.72 12.85 0.57
2.41 47.59 47.79 0.19
1.88 34.30 24.54 0.83
1.27 5.01 43.18 0.88
1.73 17.84 15.08 0.65
2.48 13.22 37.84 0.65
1.43 13.50 10.79 0.95
1.00 44.31 36.49 0.67
1.14 36.56 14.93 0.29
2.18 2.61 49.47 0.73
1.37 29.81 3.29 0.33
1.82 40.33 15.80 0.46
2.00 7.78 17.84 0.17
1.48 26.69 44.87 0.91
2.06 0.28 27.80 0.23
1.65 14.28 47.38 0.77
2.15 10.71 23.10 0.99
2.16 34.64 29.44 0.51
2.23 9.17 39.59 0.21
2.04 21.97 3.25 0.13
2.02 18.26 46.24 0.45
2.40 38.31 39.55 0.64
1.04 21.67 44.39 0.45
2.33 20.53 37.75 0.04
2.29 10.62 26.21 0.17
1.77 15.16 12.94 0.61
1.55 34.88 43.97 0.02
1.28 7.87 49.05 0.74
1.07 42.33 28.26 0.36
2.00 20.87 25.01 0.66
2.46 22.60 9.91 0.80
1.88 39.59 30.49 0.88
1.58 14.96 29.00 0.72
1.00 41.12 34.80 0.64
1.60 35.44 31.73 0.85
1.03 39.38 22.03 1.00
1.05 48.50 10.95 0.73
2.40 42.25 1.45 0.62
1.61 24.59 48.88 0.86
1.10 49.11 42.23 0.89
1.53 26.31 2.89 0.83
2.32 15.76 20.89 0.60
2.10 21.35 30.07 0.61
2.25 28.33 42.12 0.77
1.26 16.78 18.98 0.84
1.69 30.81 49.23 0.31
1.92 44.88 1.53 0.67
1.13 7.48 40.95 0.25
2.50 12.35 25.48 0.68
1.62 42.75 26.59 0.07
1.81 3.15 33.76 0.97
2.22 11.56 45.76 0.83
1.66 40.91 16.20 0.27
1.57 48.95 39.27 0.92
1.15 13.28 39.45 0.29
2.28 32.98 15.24 0.08
2.39 15.99 33.19 0.99
1.40 8.92 33.87 0.16
1.49 30.79 25.81 0.72
1.59 28.99 5.26 0.39
1.80 3.83 40.25 0.41
2.31 2.47 42.91 0.82
1.18 49.89 0.40 0.36
1.25 8.61 41.79 0.88
1.06 4.15 33.98 0.52
2.32 6.05 29.00 0.59
2.03 32.95 13.10 0.96
2.24 48.43 11.90 0.01
1.05 2.13 46.79 0.45
1.33 3.64 28.03 0.13
2.10 37.58 2.78 0.15
2.35 1.66 27.01 0.68
1.04 44.16 29.33 0.17
2.35 27.23 10.25 0.26
2.31 15.40 10.67 0.68
1.32 27.87 13.68 0.80
1.29 11.87 14.71 0.61
1.01 4.02 45.42 0.92
1.35 22.44 33.29 0.02
1.75 15.22 43.33 0.57
1.16 24.53 21.25 0.56
1.37 30.11 14.32 0.90
2.22 24.24 19.29 0.37
2.23 0.05 13.87 0.90
2.45 16.47 24.75 0.32
2.04 48.01 41.32 0.28
1.46 6.17 13.76 0.11
1.50 15.71 36.60 0.09
1.39 39.65 35.47 0.62
1.87 6.83 6.26 0.84
2.37 2.32 24.27 0.44
2.07 18.97 28.13 0.23
1.97 16.57 42.57 0.43
1.31 41.64 7.04 0.63
2.12 35.92 28.20 0.07
2.35 15.83 34.96 0.72
1.57 22.97 5.58 0.45
1.07 5.51 47.61 0.54
2.23 4.53 20.06 0.64
1.66 27.80 18.92 0.44
1.36 14.23 40.72 0.18
1.37 24.68 44.73 0.93
1.76 18.78 18.03 0.81
1.56 24.00 7.68 0.34
1.90 47.45 38.74 0.94
1.69 24.89 1.99 0.66
1.65 4.87 42.15 0.52
1.58 49.73 21.05 0.85
1.47 36.32 2.27 0.06
1.18 0.39 12.74 0.79
1.32 34.35 32.81 0.16
1.23 41.66 43.90 0.27
1.47 33.80 47.42 0.59
2.22 32.50 45.80 0.30
1.91 1.50 0.67 0.69
2.11 46.70 18.24 0.74
1.43 45.24 39.63 0.32
1.41 5.92 19.16 0.26
1.84 13.89 49.77 0.54
2.37 3.28 30.73 0.27
2.26 6.61 20.99 0.51
1.19 16.82 48.76 0.31
2.26 43.85 2.97 0.22
2.19 9.45 43.50 0.75
2.01 26.08 38.67 0.97
1.83 22.20 31.33 0.75
1.02 37.45 49.19 0.77
1.36 33.61 16.29 0.14
1.91 13.83 26.39 0.38
1.96 4.21 31.85 0.06
2.21 47.42 19.08 0.75
2.10 12.85 4.38 0.10
1.49 9.33 31.65 0.26
1.73 4.08 16.15 0.60
1.75 48.14 19.23 0.69
1.77 5.41 16.46 0.57
1.27 40.00 20.71 0.93
1.28 43.34 43.84 0.90
2.13 29.59 33.01 0.23
1.30 13.17 8.12 0.73
1.56 30.88 29.23 0.41
2.43 47.70 31.90 0.31
1.48 49.77 47.13 0.75
2.10 12.49 7.48 0.88
1.43 46.32 7.14 0.47
2.48 26.19 6.10 0.41
1.54 38.11 25.91 0.21
1.78 42.97 4.86 0.58
1.72 44.97 28.62 0.53
1.65 34.20 5.13 0.61
1.24 32.80 8.84 0.64
1.01 4.84 1.02 0.38
1.10 46.48 47.86 0.83
1.42 47.63 28.92 0.07
2.47 17.18 9.17 0.18
1.17 19.94 35.72 0.01
1.72 49.42 43.08 0.72
2.03 41.50 31.09 0.25
2.13 45.34 3.35 0.90
1.48 38.17 17.78 0.12
1.38 45.50 14.77 0.14
1.22 5.40 40.35 0.73
1.44 47.06 2.61 0.16
2.05 16.20 17.46 0.67
1.52 18.11 28.65 0.83
1.70 45.94 17.73 0.40
1.02 8.45 29.08 0.82
1.78 19.24 24.91 0.35
1.70 15.34 8.64 0.06
1.36 40.79 21.32 0.51
1.32 32.45 13.97 0.83
1.65 8.59 15.01 0.73
1.45 43.84 37.42 0.47
1.99 29.44 36.95 0.40
2.01 9.65 27.33 0.44
2.24 48.76 11.16 0.51
2.40 41.58 19.50 0.11
1.01 8.00 27.13 0.67
1.68 36.99 14.06 0.14
1.25 46.51 30.44 0.65
2.09 2.85 36.37 0.40
1.79 30.65 20.58 0.37
1.09 40.62 16.93 0.50
2.04 2.36 15.33 0.48
1.71 40.10 11.38 0.91
1.40 5.19 38.13 0.19
2.44 17.86 17.17 0.21
1.38 26.76 8.77 0.17
2.07 30.30 5.79 0.96
1.92 42.53 21.85 0.44
1.88 15.68 24.86 0.06
1.69 24.76 37.01 0.38
1.06 17.57 25.58 0.64
1.71 29.38 46.20 0.50
2.08 42.88 15.48 0.12
1.49 34.29 47.53 0.29
2.16 12.52 27.23 0.05
1.48 5.62 0.18 0.58
1.77 46.62 3.89 0.87
1.36 41.82 8.18 0.21
1.14 15.56 8.70 0.48
2.12 25.20 28.81 0.10
1.69 5.76 44.82 0.49
1.71 21.02 9.05 0.24
2.25 15.48 9.45 0.98
1.40 31.00 14.80 0.81
2.08 44.14 23.98 0.74
2.15 25.42 29.65 0.93
1.12 38.45 12.55 0.25
1.22 11.61 37.20 0.32
2.14 5.29 23.48 0.10
1.11 24.11 39.02 0.41
1.38 11.97 48.54 0.42
1.11 43.75 1.36 0.65
1.67 48.08 13.49 0.96
1.49 12.14 5.35 0.95
2.38 6.28 23.55 0.55
1.20 12.43 38.98 0.37
1.18 25.95 36.09 0.94
1.29 18.32 48.94 0.87
2.22 46.10 27.16 0.44
2.29 32.60 24.43 0.50
1.27 1.19 25.96 0.02
1.83 42.63 44.08 0.22
1.84 5.99 36.90 0.98
1.26 22.85 44.03 0.77
1.41 0.95 49.94 0.93
1.69 1.09 45.71 0.14
1.96 37.03 21.74 0.85
1.06 32.39 6.55 0.13
2.19 43.78 37.50 0.73
1.56 36.70 15.40 0.35
1.03 27.44 28.72 0.52
2.17 46.77 13.39 0.58
1.03 19.09 9.62 0.09
2.01 47.81 6.96 0.49
1.75 18.03 48.49 0.84
1.57 22.46 44.65 0.36
2.16 3.99 22.23 0.28
1.64 28.94 14.15 0.35
1.25 23.43 46.31 0.44
2.44 3.20 8.89 0.69
1.24 9.28 15.84 0.46
2.02 8.70 7.17 0.30
1.71 28.29 37.38 0.03
1.67 39.55 5.93 0.53
1.16 35.58 3.10 0.79
1.21 7.69 38.15 0.25
1.99 34.50 46.97 0.76
1.13 41.39 33.51 0.21
1.28 49.26 38.46 0.90
1.83 4.39 34.71 0.05
1.35 45.15 1.84 0.76
2.36 39.71 28.35 0.51
1.21 28.06 31.67 0.15
1.53 33.59 2.35 0.91
1.96 41.44 32.40 0.57
2.32 12.09 0.89 0.85
2.02 6.58 41.83 0.53
2.08 29.33 28.35 0.56
1.02 39.79 8.91 0.74
1.82 1.90 3.49 0.02
1.84 49.35 14.03 0.91
1.52 6.78 18.74 0.87
2.01 41.05 18.49 0.81
1.89 3.09 18.90 0.02
1.06 39.95 40.42 0.49
1.89 25.83 40.84 0.91
2.33 23.58 4.23 0.76
1.99 3.03 42.63 0.93
1.39 16.64 47.71 0.86
1.97 42.09 48.34 0.92
1.70 35.31 26.42 0.26
1.01 13.70 9.75 0.87
1.41 44.67 32.63 0.42
1.75 46.27 19.89 0.97
1.22 13.91 2.50 0.64
1.44 32.28 17.38 0.57
2.43 16.23 35.09 0.49
1.55 27.27 43.88 0.85
2.20 26.64 41.54 0.42
1.53 29.26 12.09 0.20
2.43 33.46 6.94 0.91
1.64 26.82 25.69 0.70
1.97 36.08 12.44 0.36
1.93 28.01 40.06 0.11
2.22 28.73 39.32 0.82
1.50 14.67 8.07 0.05
2.19 30.39 43.38 0.55
1.39 23.90 19.72 0.07
2.13 46.14 35.04 0.10
1.91 34.97 23.85 0.26
2.27 35.50 4.19 0.07
1.24 49.69 40.25 0.49
2.49 10.19 45.30 0.06
1.18 24.84 26.96 0.66
1.37 21.74 36.67 0.33
2.17 44.41 0.35 0.74
1.73 28.67 6.79 0.09
1.81 24.38 6.64 0.32
2.43 23.05 32.88 0.55
1.05 36.74 40.12 0.30
1.87 4.98 12.65 0.09
1.53 6.54 17.88 0.69
2.30 42.15 8.05 0.30
1.64 19.98 8.55 0.12
1.67 34.18 2.53 0.67
1.14 15.02 30.99 0.31
1.74 4.46 15.95 0.13
1.44 16.29 39.90 0.52
2.07 30.50 34.81 0.52
1.09 12.67 32.14 0.09
1.04 41.51 9.37 0.09
1.94 34.80 43.41 0.01
2.00 37.53 46.45 0.39
1.21 4.31 0.21 0.68
2.34 19.25 29.81 0.79
1.14 32.76 8.49 0.24
1.80 36.60 40.79 0.08
2.19 13.12 31.78 0.14
2.42 37.45 23.05 0.74
1.86 11.39 49.62 0.39
2.36 28.64 11.54 0.78
2.14 29.21 22.11 0.56
1.52 49.59 36.95 0.25
2.33 14.16 9.57 0.31
2.16 35.15 5.86 0.39
2.07 7.34 35.25 0.68
1.98 41.26 31.14 0.92
1.65 45.10 38.32 0.18
1.27 21.46 39.81 0.69
2.28 37.75 41.04 0.20
1.67 21.36 30.56 0.77
1.22 20.23 41.72 0.53
2.07 42.48 33.31 0.92
1.38 5.12 18.75 0.70
2.15 19.52 9.90 0.31
1.27 26.58 21.03 0.06
1.64 0.33 11.99 0.11
2.42 41.76 47.08 0.64
1.46 10.38 30.17 0.38
2.49 24.71 42.82 0.20
1.31 46.68 17.30 0.23
2.44 11.52 37.61 0.96
1.12 45.36 11.35 0.65
2.02 47.01 44.99 0.43
1.61 1.20 23.82 0.22
2.28 49.84 33.08 0.29
2.23 43.42 0.58 0.65
1.54 13.72 4.10 0.17
2.31 26.44 23.35 0.10
2.29 20.57 13.29 0.74
1.92 40.56 12.50 0.51
2.42 3.88 17.94 0.59
2.50 27.96 41.21 0.86
1.59 3.38 12.96 0.32
1.36 5.68 14.29 0.64
1.11 14.64 22.99 0.94
1.56 5.70 2.56 0.48
1.58 16.33 13.54 0.64
1.06 39.49 46.06 0.46
1.69 47.17 36.11 0.97
1.93 34.15 12.02 0.41
2.43 47.89 5.07 0.72
1.90 11.43 1.16 0.66
2.39 14.74 37.58 0.42
1.45 28.11 11.63 0.95
1.88 42.91 45.92 0.04
1.50 27.12 47.98 0.65
2.30 31.31 44.50 0.45
1.80 38.25 46.75 0.50
2.45 31.75 29.86 0.67
1.31 16.44 46.67 0.72
2.45 12.76 27.10 0.58
2.49 6.23 21.61 0.41
1.61 22.66 32.79 0.41
2.12 41.05 28.89 0.90
1.33 47.38 37.30 0.46
1.23 44.78 28.07 0.16
2.19 36.10 45.48 0.56
2.11 36.89 17.15 0.73
2.30 16.11 49.96 0.88
1.50 37.37 34.09 0.92
1.71 3.49 13.94 0.91
1.81 9.76 36.51 0.29
2.41 19.10 40.93 0.31
1.26 21.61 41.96 0.05
1.77 19.58 12.34 0.20
1.96 8.32 23.42 0.05
2.16 47.35 48.16 0.05
1.89 22.70 32.28 0.19
1.29 8.16 49.29 0.22
2.38 31.10 16.43 0.39
1.74 25.53 20.92 0.31
2.30 31.62 41.08 0.27
1.48 20.65 27.68 0.95
1.38 27.53 45.14 0.23
1.12 13.43 4.63 0.57
1.41 14.58 19.94 0.26
2.21 50.00 30.93 0.55
1.95 15.63 18.06 0.89
1.71 28.40 48.58 0.30
1.78 12.23 11.94 0.73
2.39 30.60 9.54 0.59
2.49 25.01 0.94 0.86
2.06 29.10 41.88 0.21
1.81 15.14 2.40 0.03
1.39 6.06 3.65 0.69
2.36 31.74 31.22 0.47
1.21 9.47 5.54 0.78
1.58 18.08 22.70 0.12
1.83 21.17 35.36 0.47
1.34 8.78 19.67 0.07
2.08 39.09 45.38 0.99
1.28 2.59 28.49 0.93
2.07 33.35 42.96 0.29
2.42 25.07 28.78 0.18
1.57 10.80 19.51 0.86
1.20 19.41 48.29 0.85
1.44 45.53 32.67 0.35
2.10 19.39 29.16 0.98
1.87 44.56 31.97 0.58
1.36 1.88 7.20 0.77
2.16 3.34 18.41 0.89
1.41 11.19 30.89 0.77
1.45 19.88 24.23 0.04
2.33 38.40 34.66 0.10
1.26 6.73 31.48 0.87
1.09 20.47 48.71 0.29
2.20 44.81 11.03 0.16
1.15 39.16 48.67 0.18
1.35 37.22 4.93 0.10
1.39 4.92 37.24 0.65
1.61 34.58 19.36 0.39
1.81 20.27 1.55 0.62
1.61 40.50 1.77 0.82
1.32 41.23 38.27 0.26
2.15 19.65 49.05 0.39
2.00 45.14 19.57 0.63
1.74 23.15 36.80 0.81
1.60 29.94 11.73 0.58
1.68 18.71 34.50 0.63
1.42 6.34 29.96 0.51
2.34 34.44 43.77 0.34
1.85 33.18 37.06 0.95
1.11 2.67 2.68 0.86
2.35 47.97 9.34 0.86
1.90 38.63 0.79 0.59
1.82 25.75 43.62 0.70
2.42 32.74 10.58 0.96
1.54 17.28 14.99 0.70
2.14 8.88 43.21 0.60
1.50 25.49 30.04 0.83
1.95 19.75 38.60 0.40
1.06 38.04 45.67 0.79
2.06 13.48 49.38 0.04
1.41 38.88 38.07 0.10
2.45 16.37 24.49 0.18
1.39 33.55 38.64 0.82
1.83 35.81 45.55 0.57
1.10 32.06 49.56 0.77
2.12 7.59 49.82 0.05
1.12 22.01 3.19 0.78
1.32 16.54 4.72 0.26
1.47 21.24 18.83 0.97
1.94 28.20 47.47 0.43
2.29 10.00 10.11 0.67
1.56 5.85 7.43 0.10
2.06 11.79 47.90 0.79
1.97 14.07 34.28 0.68
1.13 7.52 26.01 0.65
2.20 27.35 34.12 0.14
1.50 8.51 20.04 0.20
1.02 23.84 19.63 0.27
1.17 42.76 21.57 0.17
1.42 48.38 0.52 0.22
1.73 43.69 48.21 0.71
1.93 36.44 24.70 0.04
1.67 34.08 31.59 0.37
1.23 2.45 21.36 0.39
2.48 1.38 4.98 0.52
1.81 38.55 5.66 0.01
1.34 27.47 21.92 0.19
1.55 32.58 24.16 0.99
1.80 31.45 22.90 0.45
2.18 30.96 48.04 0.80
2.34 2.04 11.27 0.15
2.25 7.95 43.73 0.82
1.59 38.77 12.62 0.47
1.94 39.30 21.43 0.16
2.27 0.62 31.18 0.12
2.00 45.71 21.48 0.10
1.26 22.16 25.38 0.46
2.18 7.07 27.40 0.78
1.85 42.17 11.55 0.89
2.28 21.41 23.36 0.24
1.95 42.38 40.46 0.23
1.14 13.32 38.42 0.39
2.02 1.33 37.13 1.00
2.04 23.25 19.02 0.12
1.16 2.75 34.60 0.95
2.11 18.52 14.41 0.49
1.99 10.11 26.08 0.59
1.98 4.74 9.05 0.74
1.25 46.25 6.39 0.94
1.63 45.81 37.89 0.98
2.14 22.09 40.17 0.68
1.15 33.01 44.30 0.90
2.03 25.36 27.44 0.68
1.34 35.74 22.25 0.99
1.02 30.94 5.46 0.96
1.83 21.55 6.41 0.81
1.11 36.52 4.42 0.35
2.30 9.52 23.19 0.78
1.65 20.08 15.89 0.11
2.20 20.77 42.54 0.69
2.09 14.11 32.07 0.62
1.63 32.23 21.79 0.99
1.68 0.99 6.81 0.72
1.32 25.64 35.26 0.34
1.48 25.19 31.35 0.51
1.97 28.38 13.72 0.05
2.04 27.81 40.65 0.36
1.59 36.21 3.84 0.47
1.67 26.00 8.43 0.56
2.13 9.24 0.49 0.07
2.26 25.90 22.79 0.49
1.47 49.08 46.38 0.82
2.49 2.97 40.51 0.13
1.13 40.15 7.77 0.11
2.13 24.01 47.23 0.76
1.20 48.22 10.82 0.75
2.39 10.90 31.43 0.28
1.12 44.46 19.77 0.04
1.48 35.69 6.34 0.82
1.99 8.38 5.04 0.27
1.53 11.30 10.64 0.84
1.56 28.45 19.84 0.15
1.43 33.73 45.23 0.85
1.72 45.42 26.81 0.99
1.62 9.12 0.25 0.09
2.02 1.49 33.56 0.54
1.74 4.64 30.39 0.36
1.37 45.02 11.45 0.14
2.49 43.93 24.36 0.70
1.97 27.72 29.51 0.57
2.09 33.22 36.57 0.18
1.40 0.89 29.26 0.22
1.28 24.10 15.67 0.94
1.47 7.61 32.74 0.72
1.95 33.36 32.31 0.43
1.09 46.40 10.45 0.48
2.12 34.03 49.31 0.03
1.51 24.26 17.02 0.11
1.76 26.14 45.25 0.48
1.46 32.90 15.59 0.11
1.79 36.30 30.14 0.46
1.88 42.40 0.82 0.71
2.08 9.82 45.87 0.90
2.41 39.97 14.21 0.44
2.01 43.09 29.38 0.03
1.44 29.77 32.01 0.38
1.93 11.30 34.90 0.17
1.23 48.35 12.55 0.78
2.41 29.08 40.32 0.06
1.58 45.56 48.09 0.55
2.29 38.98 20.48 0.25
2.03 30.62 45.07 0.43
1.17 10.45 2.31 0.62
1.46 28.60 16.58 0.52
1.93 31.47 46.85 0.28
1.95 13.58 25.18 0.45
2.24 20.66 42.31 0.82
1.46 43.27 2.17 0.89
2.25 18.20 41.41 0.66
1.29 28.78 25.72 0.20
1.70 10.30 16.80 0.79
1.19 48.89 20.20 0.79
1.07 4.43 33.43 0.16
1.24 42.27 46.55 0.94
1.07 45.99 27.52 0.24
2.47 0.81 44.42 0.48
2.45 48.61 33.68 0.04
1.74 11.92 7.71 0.33
1.18 48.56 35.60 0.40
2.08 9.01 4.30 0.50
2.12 18.82 15.13 0.12
1.66 3.77 0.32 0.84
1.90 47.12 42.46 0.89
1.70 28.84 2.73 0.91
2.32 17.49 49.11 0.85
2.36 6.13 46.57 0.80
1.45 34.73 8.21 0.60
2.25 17.72 18.28 0.22
2.15 25.73 10.54 0.86
2.36 33.06 43.11 0.44
2.18 37.12 9.27 0.43
1.87 24.47 49.86 0.35
2.19 9.72 44.78 0.66
2.18 16.98 42.06 0.61
1.00 16.08 16.24 0.89
1.79 1.74 16.75 0.53
2.20 9.36 29.73 0.13
2.27 23.37 17.56 0.52
1.37 20.18 20.67 0.45
2.44 40.37 22.60 0.53
1.51 49.35 24.34 0.62
1.73 30.44 35.85 0.86
1.50 13.61 17.06 0.50
1.62 16.04 46.43 0.28
1.46 3.68 20.28 0.27
2.31 28.90 3.05 0.68
1.62 13.76 31.26 0.68
2.14 7.80 4.76 0.61
2.34 29.68 9.10 0.13
2.18 31.92 40.55 0.28
1.84 39.70 28.44 0.22
1.02 20.71 7.39 0.50
1.76 47.93 42.72 0.30
1.62 44.74 46.93 0.60
2.47 25.27 4.10 0.48
1.74 1.99 10.86 0.25
1.35 17.94 46.80 0.69
1.31 24.99 11.09 0.39
1.31 1.76 15.60 0.30
1.08 44.36 40.87 0.25
1.76 12.70 3.91 0.03
1.82 47.70 22.90 0.29
2.35 5.55 33.24 0.67
1.70 46.84 48.83 0.71
1.72 40.70 38.20 0.60
1.96 26.88 5.98 0.53
1.10 0.80 34.31 0.76
1.09 10.94 33.92 0.21
1.03 34.65 19.34 0.15
2.37 17.52 9.76 0.73
2.06 8.12 48.10 0.30
1.73 25.96 39.18 0.92
1.94 30.00 7.90 0.50
2.50 29.61 43.58 0.47
1.54 10.22 32.45 0.16
1.26 10.44 14.19 0.24
1.68 18.15 15.28 0.47
1.16 32.18 5.31 0.61
1.92 44.54 48.99 0.81
1.04 23.54 14.47 0.87
2.16 18.48 19.13 0.24
1.38 22.29 32.24 0.98
2.47 7.24 46.01 0.16
1.51 9.59 10.38 0.21
1.43 35.19 14.52 0.35
1.13 31.68 29.91 0.19
2.47 1.15 35.16 0.89
1.33 14.92 33.48 0.66
1.84 22.80 1.89 0.41
1.89 17.63 7.27 0.09
2.34 23.19 26.63 0.11
1.77 12.25 22.73 0.58
1.08 32.49 23.25 0.94
1.22 15.06 1.61 0.38
2.21 11.46 38.88 0.57
1.75 48.69 30.30 0.33
2.27 8.81 2.24 0.21
1.99 34.91 3.35 0.07
1.11 29.99 47.25 0.53
1.68 16.71 34.16 0.88
1.76 5.45 0.02 0.50
1.09 43.38 42.90 0.75
1.16 25.30 23.67 0.28
1.84 37.17 21.51 0.63
1.07 35.05 36.74 0.54
1.95 9.61 45.60 0.60
1.51 18.88 39.92 0.25
2.11 17.77 21.68 0.08
1.99 26.54 16.03 0.97
2.15 14.85 13.03 0.32
1.66 21.78 27.75 0.26
1.90 0.58 35.59 0.93
2.31 19.64 25.31 0.80
2.05 11.69 37.34 0.34
2.04 37.84 21.98 0.85
1.63 0.20 1.28 0.96
1.52 10.65 41.17 0.46
2.03 24.34 45.62 0.98
1.63 20.84 14.39 0.37
1.47 47.80 0.62 0.17
2.45 49.95 15.96 0.42
1.83 45.61 3.11 0.76
1.89 39.12 6.20 0.53
2.38 25.55 14.59 0.87
1.24 19.80 29.15 0.57
2.40 0.74 41.29 0.22
2.38 24.94 7.98 0.19
1.08 27.68 41.48 0.81
1.56 17.97 46.64 0.36
2.27 30.72 7.55 0.08
1.42 45.87 45.01 0.73
1.57 7.27 12.78 0.33
1.86 21.15 36.15 0.24
1.85 46.03 25.61 0.33
2.11 40.86 25.44 0.85
2.17 32.30 33.72 0.61
2.36 36.03 26.14 0.47
1.37 36.15 39.75 0.06
1.51 39.25 38.51 0.15
2.31 24.43 20.82 0.30
1.08 42.58 4.49 0.28
2.47 48.92 35.80 0.64
2.32 40.08 33.38 0.87
1.19 33.86 35.11 0.63
1.19 4.30 31.87 0.84
1.22 35.99 32.20 0.27
1.45 8.27 42.69 0.28
1.35 22.35 43.69 0.92
2.26 13.02 10.02 0.12
1.97 49.05 17.69 0.82
2.36 12.90 9.45 0.87
1.93 29.90 40.00 0.80
1.43 42.80 41.68 0.14
1.72 11.73 24.77 0.06
2.43 34.47 45.96 0.43
1.06 48.29 3.80 0.42
1.87 26.39 11.68 0.08
1.15 14.04 15.43 0.70
1.94 20.14 9.84 0.34
1.14 29.50 47.35 0.48
1.91 3.58 49.67 0.98
2.05 40.30 26.46 0.32
2.34 8.20 21.18 0.59
1.79 35.52 39.40 0.07
1.55 2.25 13.18 0.67
1.98 14.55 23.76 0.80
1.94 40.44 35.68 0.90
2.03 30.15 39.41 0.62
1.79 21.82 10.09 0.56
2.31 39.87 8.27 0.18
2.01 17.24 1.14 0.15
1.30 26.98 9.23 0.71
2.41 7.93 18.68 0.81
1.08 21.26 17.63 0.35
1.08 18.37 20.64 0.98
1.59 14.76 0.14 0.88
1.85 29.72 26.77 0.62
1.17 24.17 22.46 0.12
1.09 22.60 2.85 0.96
1.20 23.78 26.68 0.60
1.55 46.93 5.21 0.04
2.05 43.58 44.23 0.77
2.17 36.81 26.27 0.95
2.45 39.82 4.53 0.58
1.82 42.70 10.21 0.24
1.78 7.38 37.99 0.29
2.01 47.51 11.13 0.32
2.37 43.52 13.07 0.51
1.54 6.38 10.49 0.54
1.42 7.18 25.21 0.58
1.78 8.49 45.17 0.17
1.34 12.56 5.72 0.61
1.55 16.89 36.43 0.42
1.73 20.98 48.42 0.55
1.19 3.40 41.56 0.44
1.27 35.87 18.30 0.71
1.15 0.25 0.71 0.40
1.76 10.53 26.91 0.94
1.55 6.96 36.05 0.09
2.25 38.07 24.62 0.26
1.62 2.71 20.79 0.28
1.48 5.22 27.75 0.67
1.10 6.86 25.53 1.00
1.34 9.94 30.54 0.42
1.66 49.63 13.20 0.78
2.10 36.47 1.70 0.25
2.46 5.34 23.12 0.02
2.21 34.79 20.35 0.59
2.17 10.34 29.69 0.40
2.09 31.37 14.62 0.63
1.59 41.00 6.85 0.81
2.23 0.11 22.20 0.76
1.63 11.24 24.96 0.83
2.46 15.39 32.95 0.19
1.23 12.62 15.70 0.94
2.35 37.08 27.59 0.49
1.57 38.83 34.51 0.36
1.05 7.15 16.55 0.70
2.12 36.39 16.64 0.86
1.31 2.94 2.07 0.38
2.21 40.24 35.53 0.16
2.08 9.89 20.35 0.12
1.64 33.94 44.94 0.95
1.59 4.19 11.78 0.91
1.10 37.29 21.81 0.43
2.06 48.74 47.18 0.91
2.09 49.51 6.23 0.55
1.16 38.70 11.85 0.32
1.16 2.17 46.29 0.66
1.33 25.66 49.54 0.03
1.92 6.93 43.25 0.80
2.23 19.33 35.44 0.06
2.33 40.46 23.28 0.49
1.60 37.35 22.51 0.43
1.35 14.48 20.11 0.78
1.41 6.66 31.53 0.55
1.85 9.06 3.57 0.02
1.87 1.01 47.83 0.79
1.89 44.29 47.67 0.97
1.91 3.24 49.43 0.71
1.27 0.06 44.45 0.75
2.09 35.77 16.34 0.35
1.85 45.77 49.75 0.13
2.33 27.02 40.69 0.91
1.07 5.87 18.65 0.42
1.18 46.86 40.02 0.71
1.82 7.43 12.13 0.24
1.76 27.20 22.36 0.94
2.32 32.01 6.48 0.24
1.60 12.02 4.55 0.07
1.65 37.87 41.13 0.36
1.30 44.92 17.44 0.62
1.03 32.66 30.32 0.97
2.15 43.48 1.69 0.93
2.40 44.05 25.14 0.72
1.11 8.69 24.01 0.21
2.14 33.97 28.56 0.47
1.80 11.80 42.43 0.37
