1.86 11.84 15.55 0.84
1.92 9.11 10.16 0.61
1.44 18.92 18.22 0.49
1.75 47.64 47.12 0.05
2.45 46.06 9.42 0.63
1.38 42.38 25.27 0.82
2.36 33.72 27.39 0.74
2.43 32.27 32.41 0.40
1.09 26.03 36.66 0.18
1.34 49.42 14.45 0.52
2.34 33.11 19.55 0.28
1.62 46.65 17.17 0.15
1.25 5.00 21.05 0.20
1.51 7.66 26.67 0.30
1.81 30.51 15.10 0.20
2.13 31.70 46.39 0.05
1.16 11.34 20.27 0.45
2.25 35.43 43.10 0.95
2.32 47.32 47.78 0.31
2.41 12.19 2.98 0.25
1.13 21.49 7.56 0.01
1.65 40.91 49.84 0.46
1.83 32.52 5.42 0.67
1.95 13.86 34.07 0.59
2.04 29.14 30.93 0.69
2.20 26.93 16.34 0.34
1.11 0.17 37.20 0.57
2.23 10.16 35.88 0.93
1.36 27.28 1.71 0.97
2.01 14.13 39.88 0.81
2.47 48.60 48.77 0.42
1.75 37.88 29.55 0.23
1.05 19.87 1.00 0.31
1.23 1.02 3.39 0.75
2.08 39.74 43.95 0.86
1.90 17.91 36.27 0.41
2.18 20.52 28.02 0.94
1.69 4.07 48.35 0.53
1.91 7.41 44.13 0.88
1.98 41.28 13.44 0.43
1.82 24.94 31.37 0.98
2.06 44.99 42.10 0.65
2.16 5.95 4.30 0.51
1.28 6.93 35.33 0.15
1.55 31.28 18.51 0.10
2.30 0.71 2.35 0.60
2.19 15.75 7.45 0.24
1.15 34.81 33.44 0.75
1.78 23.30 5.86 0.73
1.20 2.79 33.54 0.22
1.29 1.57 45.74 0.97
1.46 43.13 13.64 0.03
1.26 2.16 43.00 0.79
1.71 25.35 21.99 0.78
1.99 22.39 6.04 0.91
1.21 3.13 22.60 0.55
1.60 34.26 45.07 0.48
1.54 24.28 23.15 0.95
1.04 8.01 12.04 0.65
2.15 38.64 20.65 0.89
1.09 37.40 46.74 0.69
2.32 28.52 17.60 0.26
1.85 16.80 10.71 0.09
1.57 23.65 38.88 0.07
1.19 39.04 22.02 0.14
2.11 45.41 25.75 0.08
1.72 14.93 41.02 0.54
1.32 17.32 41.74 0.68
2.02 15.39 49.20 0.18
1.70 29.98 0.10 0.04
1.52 25.55 40.53 0.62
2.24 44.44 11.40 0.10
1.40 5.17 12.61 0.32
1.97 35.85 32.99 0.33
1.64 16.37 28.61 0.50
1.42 28.31 9.87 0.99
1.07 43.98 1.28 0.44
2.37 8.91 38.04 0.80
1.30 19.42 11.85 0.92
1.00 12.65 24.01 0.22
1.67 9.89 30.29 0.83
1.94 21.89 8.51 0.90
1.49 22.84 44.55 0.36
1.87 13.24 26.05 0.71
1.35 18.32 40.27 0.72
2.47 3.65 31.73 0.87
1.59 27.70 8.41 0.38
1.03 48.32 34.82 0.17
2.28 36.02 27.98 0.56
1.47 36.63 39.04 0.28
2.09 42.57 37.56 0.39
1.17 38.48 29.44 0.84
2.27 20.47 6.66 0.13
1.42 41.65 23.84 0.35
2.10 40.23 3.58 0.77
2.38 10.74 19.05 0.11
1.79 49.78 4.87 0.58
2.42 6.37 16.77 0.37
1.57 45.50 14.96 0.47
2.50 30.42 24.97 0.64
