1.81 32.15 47.82 0.76
2.29 4.05 23.88 0.40
1.54 4.40 17.96 0.06
1.92 39.10 5.00 0.38
1.69 26.51 35.76 0.49
1.88 16.28 11.92 0.50
1.20 12.22 41.21 0.21
2.13 24.98 2.20 0.85
2.14 11.17 21.47 0.32
2.44 2.46 11.04 0.58
1.35 5.83 29.73 0.58
1.39 43.50 31.98 0.59
1.22 45.93 37.66 0.33
1.40 10.48 34.24 0.94
1.65 45.63 44.24 0.26
2.11 38.99 46.58 0.15
2.06 43.07 25.39 0.62
2.22 0.40 35.45 0.92
1.49 40.49 6.54 0.10
2.40 8.74 18.79 0.86
1.77 7.09 16.51 0.89
2.36 8.43 46.35 0.92
2.42 31.21 38.62 0.65
2.30 16.31 8.82 0.47
1.98 48.66 25.04 0.22
2.09 37.60 37.18 0.57
2.26 21.26 35.08 0.88
2.18 42.85 11.37 0.78
2.46 25.92 18.25 0.91
1.71 9.13 25.78 0.42
1.81 46.43 28.97 0.74
1.50 36.87 36.53 0.48
1.82 10.73 20.01 0.75
2.46 12.89 25.68 0.44
1.89 4.30 31.64 0.82
2.13 9.85 17.72 0.69
1.28 28.75 27.51 0.53
1.44 6.93 16.18 0.71
2.28 36.33 34.98 0.29
1.65 29.25 10.99 0.79
1.53 39.74 36.13 0.70
1.83 29.72 36.80 0.99
2.40 14.64 22.46 0.50
1.30 45.33 3.46 0.45
1.94 3.28 9.86 0.40
2.34 29.18 42.71 0.51
2.11 8.12 43.08 0.12
2.47 48.15 43.38 0.55
2.07 8.56 39.59 0.85
2.50 5.10 32.57 0.75
2.04 49.19 35.24 0.76
2.29 41.02 24.59 0.22
1.78 28.36 46.77 0.20
1.16 2.66 14.38 0.62
1.03 29.98 34.69 0.12
1.18 3.40 20.42 0.87
2.03 12.41 9.56 0.09
1.71 35.70 2.76 0.50
2.27 0.68 37.03 0.93
1.47 32.29 30.84 0.34
2.32 3.70 11.50 0.14
1.64 36.60 38.31 0.55
1.38 3.04 25.13 0.13
2.07 17.47 30.58 0.82
1.39 0.52 9.23 0.20
1.85 7.31 34.37 0.91
1.77 7.92 43.13 1.00
1.87 5.17 2.96 0.34
1.99 18.21 45.25 0.95
2.49 44.52 49.44 0.58
1.36 49.46 47.25 0.08
1.41 28.03 8.43 0.84
1.51 34.11 17.05 0.94
2.34 22.21 41.15 0.52
2.43 12.78 29.40 0.08
1.15 9.41 45.20 0.18
2.23 30.36 17.13 0.52
2.10 19.11 29.65 0.09
1.45 6.05 21.00 0.93
1.46 0.29 6.75 0.68
2.49 7.20 42.15 0.21
2.25 29.10 30.33 1.00
1.95 17.70 13.73 0.17
1.74 7.73 49.59 0.23
1.05 7.82 19.27 0.53
2.16 29.81 38.51 0.53
1.72 19.43 12.60 0.23
2.18 21.88 12.88 0.86
1.01 13.95 1.11 0.08
1.02 2.20 6.89 0.68
1.05 1.98 32.83 0.32
2.10 39.97 6.21 0.56
1.02 9.56 24.79 0.17
1.04 50.00 5.19 0.99
2.00 4.79 11.74 0.31
1.15 36.47 15.19 0.92
2.17 19.52 29.22 0.16
1.87 17.53 3.01 0.73
1.34 19.02 10.85 0.75
1.57 14.81 15.61 0.23
1.55 41.29 18.56 0.90
1.79 0.13 13.15 0.35
1.07 21.75 47.63 0.89
1.44 6.81 17.68 0.39
1.16 36.19 32.76 0.59
2.03 1.53 26.52 0.98
1.98 25.32 8.60 0.03
1.22 47.59 48.32 0.18
1.37 19.69 13.22 1.00
2.31 9.36 0.85 0.99
2.41 20.58 21.09 0.83
1.33 39.56 38.08 0.18
1.52 49.65 37.28 0.02
1.00 17.93 27.19 0.81
1.38 23.28 10.03 0.98
1.26 11.09 44.89 0.01
1.89 5.78 2.86 0.11
1.24 6.10 28.53 0.75
1.23 26.98 32.09 0.88
1.99 18.09 0.10 0.30
2.35 48.86 4.61 0.45
2.26 1.72 16.10 0.93
1.83 23.00 49.28 0.28
1.11 40.61 46.19 0.12
2.32 4.83 13.40 0.14
1.70 35.85 2.43 0.78
1.08 34.44 15.45 0.31
2.34 46.59 40.58 0.04
1.74 37.26 37.41 0.38
1.50 2.75 43.84 0.67
1.09 42.02 33.40 0.07
1.68 43.60 33.71 0.59
1.64 33.71 15.07 0.79
1.09 12.04 3.84 0.49
1.68 44.87 24.48 0.61
1.88 23.20 5.82 0.31
1.29 34.56 10.57 0.90
1.28 20.15 15.23 0.85
2.12 27.80 9.35 0.16
1.08 11.81 40.40 0.51
2.12 47.19 5.47 0.53
2.43 11.64 27.33 0.94
1.08 34.10 48.19 0.19
1.07 14.10 44.20 0.51
1.24 4.60 11.89 0.75
1.31 16.40 1.25 0.63
2.05 10.95 16.63 0.81
2.32 48.02 4.09 0.19
1.30 1.40 46.98 0.78
1.93 35.06 11.54 0.77
1.28 24.55 29.94 0.26
2.19 48.46 36.08 0.36
1.43 33.17 48.96 0.70
1.82 13.37 20.71 0.66
1.06 14.06 32.61 0.61
1.33 19.92 7.40 0.54
2.02 30.70 46.83 0.64
2.06 41.59 6.68 0.37
1.73 49.05 15.39 0.48
1.75 9.97 43.73 0.27
1.14 41.63 30.05 0.33
1.87 27.15 40.44 0.96
2.21 25.70 19.07 0.26
2.11 32.01 13.83 0.69
2.47 20.97 24.89 0.55
1.76 32.50 48.62 0.03
2.31 2.38 18.85 0.16
2.48 46.69 49.86 0.85
1.41 8.00 8.17 0.06
1.91 8.95 41.56 0.60
1.84 10.58 14.84 0.22
1.51 31.96 16.49 0.38
1.19 21.96 41.09 0.22
1.14 39.14 34.10 0.54
2.24 5.98 43.90 0.12
1.62 20.33 47.43 0.27
1.84 19.27 33.84 0.46
2.46 40.10 9.61 0.37
2.35 41.76 47.95 0.97
1.48 32.45 11.11 0.45
1.20 4.43 29.85 0.49
1.07 9.61 8.25 0.89
2.14 17.83 0.63 0.71
1.93 23.42 4.21 0.89
1.05 16.15 39.13 0.73
1.39 33.92 33.14 0.57
1.86 42.63 22.54 0.43
1.66 26.09 13.00 0.66
1.35 40.50 11.70 0.90
1.85 36.64 47.10 0.72
1.11 33.08 30.16 0.34
1.52 15.40 17.48 0.98
1.87 9.29 1.37 0.08
2.36 39.31 39.69 0.27
1.94 47.96 4.98 0.50
1.40 31.75 6.11 0.54
1.12 17.30 18.62 0.12
1.86 41.44 28.79 0.62
1.18 24.48 48.21 0.57
1.42 15.48 18.43 0.13
1.49 10.40 4.37 0.05
1.79 11.93 12.22 0.49
1.90 27.56 13.68 0.48
1.58 28.40 48.08 0.10
2.06 44.68 26.34 0.60
2.39 49.82 24.91 0.30
1.66 10.08 41.85 0.80
1.17 3.96 39.05 0.01
1.67 16.88 34.42 0.10
1.61 46.10 1.74 0.53
2.36 3.69 9.40 0.35
2.26 17.65 21.51 0.68
1.38 35.18 45.54 0.49
1.47 4.13 38.85 0.29
2.40 45.41 31.33 0.41
1.32 15.74 13.99 0.77
1.50 35.34 31.50 0.79
1.29 5.48 32.46 0.43
2.05 15.66 26.65 0.45
2.23 13.06 34.59 0.40
1.49 41.87 39.33 0.65
1.96 22.79 42.40 0.96
2.41 46.83 14.11 0.70
1.76 11.30 21.77 0.62
1.37 30.10 4.88 0.42
2.07 13.50 14.27 0.43
1.41 2.58 0.35 0.60
1.60 42.43 7.53 0.83
1.41 21.09 31.09 0.18
2.11 21.41 3.23 0.20
1.11 38.44 25.98 0.93
1.96 10.81 36.30 0.36
1.45 12.35 39.74 0.14
1.99 43.87 12.15 0.60
2.29 37.88 21.81 0.92
1.31 29.54 0.41 0.24
2.40 36.02 43.44 0.95
1.60 38.04 39.99 0.56
1.58 47.22 36.92 0.76
1.75 21.65 20.40 0.56
2.00 20.83 22.33 0.87
1.99 3.51 28.10 0.15
2.45 27.65 49.71 0.91
2.28 21.13 12.80 0.83
2.04 38.55 28.89 0.09
1.40 48.50 8.02 0.37
1.75 40.39 42.36 0.33
2.38 12.60 4.44 0.78
1.70 47.90 33.94 0.69
1.61 33.27 16.82 0.56
1.17 19.73 16.79 0.06
2.01 3.31 23.20 0.03
1.73 33.64 25.59 0.32
1.61 14.47 29.11 0.69
1.48 35.97 15.54 0.52
2.01 32.95 16.36 0.24
1.35 30.49 48.85 0.04
1.20 20.73 37.57 0.19
2.33 38.75 44.37 0.79
2.25 27.86 42.21 0.41
1.01 34.70 45.60 0.26
2.33 39.87 34.88 0.96
1.36 24.67 42.58 0.31
1.81 19.35 6.44 0.39
1.06 27.02 31.70 0.13
1.55 35.47 40.98 0.68
2.14 42.51 0.29 0.04
2.39 32.84 9.15 0.78
1.04 11.48 7.70 0.14
2.38 42.78 8.94 0.51
1.19 10.10 3.33 0.87
2.10 30.21 33.66 0.83
1.92 18.90 32.93 0.29
1.63 14.78 44.78 0.62
2.13 23.99 17.51 0.77
2.24 2.95 7.98 0.96
2.26 22.81 46.01 0.65
2.20 2.28 8.73 0.30
1.32 47.05 1.00 0.85
2.09 34.28 29.06 0.59
2.44 26.32 47.60 0.32
2.48 10.20 37.88 0.20
1.67 25.44 42.08 0.57
1.08 35.66 44.99 0.41
2.29 16.61 47.39 0.65
1.82 28.11 7.02 0.37
1.75 46.21 33.03 0.52
2.16 32.63 1.64 0.64
2.20 29.62 17.84 0.85
1.91 30.93 46.68 0.50
1.93 43.65 49.14 0.58
1.47 48.37 23.60 0.54
1.34 16.72 27.87 0.29
2.12 0.70 36.68 0.25
1.46 22.41 38.22 0.07
2.35 29.46 31.27 0.29
2.03 34.86 3.57 0.38
2.05 45.24 31.88 0.11
1.04 24.79 10.79 0.71
1.88 5.40 4.16 0.63
2.02 26.67 10.33 0.07
1.64 2.85 35.17 0.88
2.05 36.30 36.35 0.11
1.56 49.29 2.00 0.25
1.63 17.25 30.91 0.57
1.79 11.33 20.58 0.16
2.17 48.95 9.06 0.09
1.83 14.31 4.54 0.14
1.09 25.21 11.29 0.19
1.60 22.35 19.15 0.21
2.27 41.39 23.77 0.42
1.51 34.93 14.61 0.29
1.90 30.62 35.54 0.71
2.37 37.73 3.96 0.98
2.19 39.42 46.46 0.37
1.69 24.17 44.40 0.74
1.94 6.23 17.36 0.97
2.21 1.05 26.92 0.44
1.44 42.25 6.97 0.33
1.54 40.14 40.65 0.86
1.27 45.14 23.10 0.41
2.45 49.33 7.67 0.39
2.45 7.69 23.48 0.91
1.14 37.33 21.16 0.54
1.85 31.14 44.04 0.18
1.43 26.27 16.96 0.05
1.31 15.19 22.73 0.47
1.25 7.45 13.47 0.24
1.27 38.17 22.06 0.99
1.55 43.26 24.17 0.08
2.23 42.38 14.72 0.67
1.01 40.26 45.04 0.46
1.71 29.35 22.14 0.64
2.00 47.31 2.24 0.67
1.52 1.87 19.47 0.42
2.38 30.88 36.76 0.31
1.59 41.20 47.14 0.44
2.50 49.71 42.63 0.48
1.62 32.71 37.90 0.64
1.25 24.89 20.19 0.48
1.97 38.84 48.56 0.59
1.78 13.16 47.79 0.60
2.47 14.59 49.95 0.66
1.35 2.05 34.75 0.64
1.28 26.76 27.00 0.61
2.21 45.09 10.48 0.07
2.15 46.04 41.61 0.72
1.54 1.49 32.31 0.16
2.41 33.31 38.90 0.96
1.90 44.01 23.00 0.63
1.92 11.78 25.26 0.40
2.01 16.96 2.02 0.77
1.66 43.37 39.83 0.43
1.33 34.30 1.42 0.95
1.80 26.82 27.28 0.25
2.37 38.23 27.48 0.21
2.47 45.76 48.77 0.47
1.04 5.57 18.96 0.03
1.44 6.74 22.68 0.90
2.13 25.63 2.51 0.10
2.15 15.93 26.06 0.06
2.08 31.64 45.73 0.55
1.43 12.59 44.64 0.87
1.11 40.72 18.04 0.21
1.59 41.97 1.54 0.81
1.15 20.65 30.21 0.97
1.73 49.51 27.75 0.76
2.30 0.90 22.96 0.42
2.44 33.46 27.91 0.90
2.24 37.95 43.59 0.28
1.17 9.75 42.94 0.28
1.96 37.02 31.19 0.42
1.42 10.62 14.07 0.43
1.58 26.13 24.63 0.47
2.01 33.53 22.27 0.58
1.68 42.16 39.40 0.66
1.10 43.98 5.20 0.17
2.08 27.31 33.60 0.13
1.15 45.50 1.83 0.73
1.77 8.87 25.88 0.86
1.21 24.32 41.70 0.15
1.29 1.30 5.90 0.07
2.19 23.53 19.67 0.36
2.42 0.49 49.62 0.03
1.89 47.41 33.40 0.22
1.72 6.55 19.98 0.74
1.81 15.53 0.17 0.96
1.76 24.22 23.91 0.46
2.38 1.62 45.33 0.81
1.30 0.04 19.71 0.83
2.48 43.13 28.46 0.72
1.34 38.36 29.52 0.13
2.30 18.44 26.75 0.20
1.03 35.25 43.28 0.03
2.49 18.96 7.23 0.98
2.31 35.56 7.49 0.70
2.39 18.60 46.26 0.84
1.13 19.81 40.13 0.23
2.03 8.23 32.19 0.05
1.25 25.60 38.79 0.82
1.86 37.65 18.35 0.35
1.70 32.33 24.28 0.63
2.08 23.72 13.08 0.36
1.57 5.30 46.00 0.35
2.37 27.98 23.33 0.47
1.56 4.99 39.28 0.63
1.27 18.36 37.32 0.78
1.68 18.77 41.31 0.94
1.17 33.86 25.47 0.72
1.70 0.83 22.90 0.81
1.85 44.21 30.71 0.11
1.56 4.56 5.74 0.26
1.10 48.74 32.28 0.34
1.26 44.80 21.39 0.25
1.20 3.12 5.68 0.82
1.02 21.51 30.65 0.38
1.48 31.55 6.36 0.04
1.19 37.19 20.90 0.83
1.80 31.83 8.64 0.74
1.96 28.81 15.87 0.40
2.42 18.11 26.84 0.77
2.31 28.29 44.51 0.15
1.80 48.25 17.28 0.88
1.24 44.90 15.78 0.05
1.98 15.01 42.86 0.05
1.23 6.61 30.41 0.16
1.30 43.80 35.94 0.68
1.26 25.08 0.96 0.28
1.23 34.68 24.34 0.80
2.25 39.21 40.79 0.74
1.39 8.69 7.88 0.70
1.02 8.31 13.55 0.02
1.73 36.75 40.22 0.36
1.43 23.83 33.22 0.51
1.63 47.73 28.62 0.59
1.97 27.23 28.08 0.11
1.78 20.45 49.02 0.71
1.78 42.96 10.11 0.02
1.13 12.92 19.52 0.52
1.47 14.26 9.72 0.84
1.65 25.14 28.32 0.94
1.53 30.11 7.14 0.23
2.43 13.49 16.21 0.34
1.32 13.85 0.51 0.25
1.67 45.82 12.03 0.10
1.12 5.61 41.95 0.30
1.33 20.02 26.44 0.09
1.16 16.08 10.62 0.92
2.22 24.03 20.22 0.02
1.59 22.10 28.25 0.44
2.15 13.67 14.57 0.46
1.21 31.35 24.09 0.80
2.44 46.98 41.42 0.30
1.62 30.52 49.34 0.69
1.67 40.80 3.16 0.24
2.08 23.62 27.69 0.80
1.57 28.54 36.46 0.88
2.27 31.47 19.38 0.18
1.52 7.17 8.33 0.93
1.19 44.44 29.32 0.89
2.18 18.52 35.37 0.98
1.62 21.35 5.54 0.87
1.36 14.98 14.91 0.26
2.33 22.50 0.72 0.65
1.13 22.03 21.22 0.67
1.92 44.13 26.14 0.01
1.06 23.40 2.64 0.21
1.54 13.75 48.43 0.97
2.17 17.10 31.45 0.55
2.20 6.31 35.68 0.56
1.74 28.67 43.64 0.39
1.56 46.74 2.36 0.76
2.28 15.82 3.76 0.32
2.22 3.88 40.07 0.80
1.01 31.06 35.80 0.27
1.25 9.07 12.40 0.45
2.16 40.97 38.41 0.67
1.13 15.24 3.66 0.33
2.21 28.98 21.67 0.06
1.91 6.40 15.95 0.72
1.37 27.46 45.83 0.84
2.09 13.27 37.71 0.91
1.95 11.58 34.10 0.73
1.60 46.38 23.67 0.62
1.97 22.70 20.70 0.44
1.10 7.53 6.05 0.66
2.18 47.64 12.43 0.46
1.46 37.46 45.45 0.35
1.53 44.39 19.88 0.13
1.06 25.80 4.72 0.87
1.71 22.97 21.96 0.39
1.22 26.41 18.14 0.27
1.45 1.12 12.63 0.95
1.83 16.52 5.32 0.04
1.91 12.12 26.28 0.17
1.95 36.90 40.87 0.72
2.04 38.67 14.44 0.79
2.22 20.30 9.94 0.61
1.21 39.66 10.21 0.39
2.35 17.15 38.14 0.94
